4096
1
41
47
27
33
34
89
36
6
25
45
23
17
26
36
93
99
66
30
82
57
62
64
89
39
94
15
18
48
68
34
64
11
47
26
17
8
4
74
75
6
75
76
41
44
82
60
3
88
92
0
19
60
11
62
3
11
47
40
37
25
50
78
62
66
66
94
47
69
20
4
97
18
4
5
18
52
56
74
0
38
24
26
96
83
7
85
98
71
44
77
17
15
51
49
56
63
26
73
56
24
56
35
91
61
88
34
0
8
37
69
33
67
3
37
49
84
22
24
53
16
4
93
0
89
52
36
64
30
99
83
5
28
76
30
28
47
80
6
75
50
46
58
81
89
52
36
92
6
4
26
92
74
96
21
21
14
93
87
4
24
86
76
40
64
99
48
4
25
97
79
15
97
96
6
20
13
34
1
76
18
4
92
46
95
16
28
73
55
83
5
88
43
29
60
12
50
98
66
49
67
35
90
62
69
81
79
17
94
39
97
64
42
28
70
84
68
97
37
67
84
31
18
57
97
88
16
77
85
33
29
14
40
1
27
17
99
28
75
57
54
20
42
91
92
87
36
94
89
65
89
88
86
4
69
98
77
27
43
51
42
6
79
51
17
54
1
15
62
2
86
66
86
31
12
74
67
3
71
10
34
39
1
13
66
69
29
6
98
90
40
76
72
83
83
51
62
30
0
92
47
11
23
5
24
18
7
29
77
99
1
73
46
28
79
26
99
91
41
15
91
53
51
62
5
53
55
51
14
34
12
5
92
53
91
23
67
41
98
78
93
42
89
53
7
8
85
55
20
17
61
18
72
71
73
79
95
26
16
62
56
1
59
17
50
95
76
52
77
51
93
59
71
72
53
85
39
50
80
36
27
71
60
59
21
20
46
51
77
33
54
76
59
53
92
74
71
95
71
83
94
97
65
59
73
35
62
45
67
65
74
87
97
87
24
58
35
97
30
4
32
49
52
1
37
18
89
64
30
70
46
57
49
37
43
55
77
13
57
64
98
79
74
80
61
53
27
38
42
73
56
32
83
52
77
87
74
95
4
84
48
23
63
84
21
42
67
67
61
55
5
66
58
82
56
82
67
32
48
9
11
1
19
4
7
72
3
77
50
64
1
96
0
89
64
2
38
58
4
97
32
0
5
28
7
53
36
70
97
88
52
51
48
17
68
89
11
22
68
19
13
86
41
68
38
90
18
86
12
1
86
57
26
39
68
51
14
25
56
22
7
49
49
88
72
19
85
84
25
78
78
45
7
59
28
54
67
82
26
48
40
77
25
8
87
70
30
82
87
71
99
15
93
12
64
74
57
28
86
26
27
2
35
6
74
9
80
49
57
63
30
61
75
39
9
71
39
95
71
86
83
21
93
38
58
64
48
33
97
61
33
67
5
83
63
13
67
50
36
71
44
14
17
56
90
89
60
36
47
88
60
76
17
71
52
20
5
95
9
29
26
70
44
81
11
19
58
77
16
43
29
92
31
12
36
41
88
51
74
70
57
44
13
75
97
76
92
42
13
58
44
88
33
27
37
81
7
13
30
79
93
15
89
26
91
22
69
42
59
42
89
54
19
28
45
81
24
59
16
17
45
73
81
89
76
20
28
60
50
70
37
35
46
60
28
54
86
34
17
2
68
17
84
47
44
46
64
34
67
35
45
7
76
16
22
3
90
88
31
66
75
12
5
28
2
60
22
46
60
41
56
54
60
43
36
40
87
58
64
54
94
25
92
64
10
88
70
2
75
60
88
8
71
43
69
4
13
30
67
83
89
56
74
49
99
71
36
36
31
20
66
29
41
33
90
62
37
45
58
92
72
41
21
41
17
23
22
76
96
67
41
12
60
73
25
39
41
21
33
77
23
75
72
48
26
90
41
1
15
93
84
85
37
38
83
70
17
96
47
69
3
13
5
88
2
77
55
51
91
38
8
70
50
10
45
22
37
91
73
37
53
84
83
75
28
32
37
61
44
35
60
6
81
56
80
55
6
50
59
2
66
94
45
3
37
18
22
22
3
48
1
23
93
8
35
76
73
49
48
69
94
63
9
90
30
71
12
82
80
88
47
41
60
84
79
98
52
32
27
76
5
33
78
81
10
26
85
4
68
99
28
85
66
7
72
33
52
35
14
79
33
78
94
14
31
24
9
84
50
49
99
75
61
67
9
75
99
70
77
18
35
69
48
74
98
72
67
75
60
34
88
7
17
98
75
83
61
9
39
80
1
52
11
59
71
19
58
4
12
97
95
97
27
96
48
70
35
89
51
53
65
56
11
25
18
88
20
19
36
63
42
98
29
23
38
52
55
50
74
63
16
7
67
44
96
4
20
87
50
6
9
30
39
16
8
56
7
56
35
95
38
54
11
62
14
89
0
44
22
40
31
2
67
93
40
23
44
17
80
81
69
14
57
66
81
66
6
79
43
13
94
63
58
60
86
15
63
48
90
84
75
62
11
50
95
70
82
92
9
71
32
69
42
26
71
40
30
60
5
48
14
48
7
47
81
92
37
96
24
61
43
20
91
24
20
8
22
22
8
22
84
34
88
90
11
71
21
53
84
66
35
71
35
39
61
21
44
70
73
15
1
12
55
49
16
66
94
14
28
19
10
71
44
51
94
19
95
72
32
81
61
17
23
88
15
71
47
93
11
57
91
87
90
5
92
43
63
34
23
72
41
90
73
82
68
28
10
23
43
5
35
3
53
76
47
53
50
73
43
61
61
87
38
47
45
55
12
13
37
33
78
7
72
21
60
0
78
70
97
34
88
29
15
38
7
13
44
21
41
81
8
72
91
83
36
15
97
47
37
19
79
69
57
38
40
81
98
92
19
5
21
34
73
6
11
43
85
89
30
6
51
4
49
6
50
54
35
38
29
52
62
32
28
96
54
53
47
7
2
91
76
4
61
7
94
17
75
50
73
42
89
24
1
55
59
88
35
84
7
64
90
11
94
15
80
58
61
14
16
44
29
3
11
6
85
96
24
42
97
12
88
35
3
6
89
99
81
41
15
41
91
95
69
71
35
29
61
79
25
93
40
12
27
30
4
61
91
14
24
5
54
76
52
64
12
65
70
88
11
37
66
97
30
70
43
28
76
48
91
56
35
29
14
33
71
11
74
4
63
84
3
80
59
23
85
51
8
66
74
65
87
45
51
9
53
84
53
14
66
8
36
84
69
67
3
72
74
33
25
50
68
18
14
64
43
91
79
60
84
87
40
62
82
63
73
15
47
68
13
63
10
74
25
16
93
36
93
36
41
46
96
71
57
40
3
24
95
15
51
49
67
27
6
36
9
70
62
95
50
89
36
89
80
1
28
28
41
69
81
56
71
34
4
8
71
19
58
55
78
83
20
39
91
80
57
1
19
14
29
30
56
42
26
12
5
69
71
35
2
32
10
50
66
34
70
95
14
13
24
28
68
52
83
19
27
9
47
78
91
89
53
2
21
31
99
52
40
8
0
24
62
48
70
81
64
93
92
2
8
95
68
49
96
39
61
17
43
28
9
52
76
37
87
99
73
13
48
50
13
39
46
36
96
26
89
60
75
85
73
77
7
24
3
72
45
79
91
77
53
2
29
86
19
93
89
80
41
22
83
86
62
19
51
9
44
48
97
19
23
43
82
32
20
38
56
39
32
54
6
4
56
38
78
0
43
17
86
56
71
28
61
39
4
75
45
70
73
10
90
22
94
77
85
45
81
68
78
72
61
49
3
41
88
9
70
0
79
70
50
73
69
33
51
76
3
16
70
93
92
31
52
31
64
96
58
57
39
67
1
52
78
18
87
47
89
53
77
92
35
43
91
53
66
40
14
32
24
21
73
96
59
79
27
86
27
25
64
83
99
43
57
63
72
47
70
37
32
24
41
15
42
18
96
75
53
61
88
64
71
42
64
74
54
55
26
90
90
70
42
77
95
3
56
95
60
33
6
60
94
26
21
4
0
6
68
1
19
97
37
20
15
30
26
33
92
10
47
46
55
92
83
74
69
31
21
15
53
44
56
4
9
96
33
77
42
43
84
26
86
99
40
76
62
49
62
66
3
94
11
73
89
54
65
75
29
16
96
48
37
88
14
40
15
65
23
54
37
5
63
29
60
58
34
4
38
77
97
43
41
1
17
44
68
67
16
94
23
59
71
29
76
82
51
28
33
55
61
87
81
45
97
7
67
32
40
71
53
11
42
76
38
78
18
77
10
95
63
7
90
68
65
39
65
44
15
95
28
98
76
34
29
88
4
83
94
64
51
11
61
67
42
87
38
15
99
72
11
23
95
53
61
91
47
32
57
98
82
79
97
56
75
64
90
20
48
8
65
17
77
91
80
60
53
15
92
45
33
81
17
25
22
58
77
26
70
3
11
92
41
41
61
40
85
29
29
28
7
33
22
38
89
66
2
44
56
5
57
50
36
87
81
90
40
46
27
55
82
70
1
16
77
13
63
31
78
64
75
1
60
6
20
22
99
92
22
16
67
4
12
59
55
13
49
70
84
24
70
0
23
71
28
80
3
62
32
23
89
87
0
81
32
79
75
40
88
70
22
57
63
71
47
95
31
91
84
21
26
78
90
27
28
65
27
76
46
52
21
90
71
91
3
12
82
93
87
7
7
12
37
86
87
6
4
14
6
39
44
59
54
46
11
27
62
2
74
90
10
98
10
97
15
49
57
44
40
11
84
99
91
85
73
69
1
97
79
76
7
72
30
95
22
62
34
46
19
64
38
20
17
15
91
45
91
39
6
89
42
92
44
93
90
74
83
12
58
8
3
59
93
82
3
32
98
68
24
3
36
84
27
37
75
79
22
96
11
95
21
89
98
66
88
52
46
57
1
30
21
52
5
73
67
35
16
58
57
39
10
66
88
72
95
57
17
91
0
37
39
10
1
37
57
88
65
31
10
45
35
89
46
75
78
9
71
38
54
43
46
52
58
5
50
39
63
13
3
6
80
31
97
83
49
66
58
30
11
23
56
11
24
32
59
21
10
47
92
43
90
65
22
61
14
73
60
57
98
52
75
84
13
85
73
37
22
71
43
46
45
6
57
94
65
52
92
9
64
42
8
30
95
10
24
57
14
67
98
65
59
42
29
35
45
10
22
23
78
68
74
71
68
43
84
46
0
49
82
18
93
63
9
97
51
9
82
55
82
86
77
27
44
76
77
26
26
70
61
83
36
23
36
81
45
62
23
23
16
49
53
33
20
4
92
90
18
22
83
92
91
63
30
4
70
36
16
25
52
64
74
99
43
83
46
56
51
90
77
30
50
72
26
86
57
64
98
14
65
84
79
49
13
6
65
3
24
54
83
80
71
60
56
66
13
78
84
86
80
96
56
62
51
4
76
89
32
56
91
64
88
18
48
70
88
47
54
30
52
44
73
54
40
25
47
55
36
14
48
47
18
0
2
93
68
38
26
74
24
89
1
26
28
88
3
76
23
12
89
57
38
97
31
74
29
39
51
98
63
61
71
66
88
95
94
7
3
39
79
37
58
58
50
55
81
58
20
53
70
71
76
4
71
52
7
4
57
75
56
19
26
63
74
46
14
12
47
73
26
80
49
99
69
14
26
33
46
50
23
3
39
43
8
99
69
72
10
10
85
9
81
45
20
45
88
86
78
33
78
93
55
97
91
90
36
8
69
72
92
41
48
48
47
78
44
6
67
81
89
57
38
49
14
14
9
37
96
53
7
18
56
16
8
16
83
53
29
8
78
4
55
61
90
83
27
72
91
31
30
51
82
81
79
57
45
60
86
5
7
77
6
81
87
30
6
50
99
2
81
95
70
29
48
43
90
52
94
64
1
42
7
21
56
98
21
95
40
69
61
84
75
21
21
70
77
59
58
83
38
47
5
81
17
42
79
28
49
49
73
29
31
28
97
20
66
70
7
29
20
1
83
63
10
40
21
63
88
24
52
33
12
32
63
80
31
22
90
95
61
62
51
52
92
50
31
72
55
36
35
75
79
61
5
82
52
27
1
80
80
10
88
13
34
59
53
93
0
89
89
67
89
60
65
13
54
40
24
22
42
57
80
94
12
11
16
8
56
65
98
38
72
59
68
61
88
8
87
20
99
81
56
60
10
15
35
6
66
97
29
14
26
23
91
47
33
18
29
71
30
24
72
31
63
84
20
16
34
83
21
86
79
40
12
26
88
32
96
11
25
74
64
8
6
15
16
24
39
58
60
99
69
82
98
78
84
40
25
10
11
5
18
71
21
61
70
74
8
99
22
47
56
26
40
83
21
2
49
33
36
43
96
36
67
85
99
70
31
52
43
74
20
31
97
80
23
40
11
45
82
26
48
9
59
76
4
80
92
35
88
5
40
49
47
54
54
18
58
76
62
44
99
30
99
71
0
72
25
14
90
79
18
53
58
97
62
87
47
66
39
40
36
93
82
64
62
23
56
26
37
59
8
43
81
87
9
11
70
71
87
37
40
85
57
15
66
19
78
72
33
19
87
61
73
46
8
40
29
63
84
95
53
86
98
58
6
88
65
98
83
67
24
8
37
96
94
81
87
45
41
29
30
7
47
67
18
35
60
58
99
98
86
76
11
25
86
24
27
2
1
36
20
95
25
74
2
5
55
81
5
55
52
27
39
96
72
9
45
5
44
19
10
61
29
56
73
50
41
96
99
20
54
40
34
44
95
77
57
61
39
46
83
47
15
61
17
20
74
95
16
38
75
77
16
47
29
74
90
9
36
97
22
45
66
54
12
67
29
88
25
5
19
84
48
21
90
70
60
71
92
67
13
15
23
76
89
64
25
33
45
65
13
74
61
99
60
42
39
66
25
84
2
88
86
73
67
3
40
48
77
38
37
82
49
96
93
4
29
92
47
47
7
73
55
74
3
92
45
35
43
89
62
36
7
7
15
17
21
63
4
82
83
84
53
33
30
21
61
64
12
52
24
82
40
35
78
55
58
69
8
4
25
97
29
23
40
74
19
6
34
23
19
3
45
38
75
43
75
74
89
75
92
78
22
60
85
66
90
38
54
44
21
85
98
40
3
27
39
51
54
45
23
20
64
97
2
99
89
59
63
73
79
24
68
3
10
16
58
57
5
4
66
92
69
56
53
77
65
4
75
83
82
1
53
20
11
12
50
26
84
44
25
71
48
23
27
36
21
54
1
21
18
36
12
27
97
86
42
90
85
79
90
2
58
35
21
74
72
59
6
8
94
68
2
99
33
92
7
45
6
56
2
54
73
94
86
44
4
94
8
81
85
54
4
79
7
77
26
68
21
75
10
50
32
81
82
85
22
77
64
90
33
68
84
96
97
87
62
61
92
67
53
74
94
28
91
20
42
55
64
93
85
97
7
41
46
6
87
94
62
84
65
19
33
60
43
21
30
21
62
18
16
10
29
6
70
38
19
90
32
45
22
31
68
38
67
67
53
8
27
79
82
78
78
85
24
62
68
20
53
76
90
46
10
37
33
50
63
31
59
42
33
62
5
3
88
24
97
51
47
75
3
86
14
25
58
97
64
1
46
69
94
66
95
82
15
78
15
40
32
77
11
57
12
84
16
7
10
36
21
44
34
21
12
53
79
69
27
8
22
52
13
38
15
82
27
84
40
74
5
65
60
62
9
25
28
2
29
5
13
62
11
47
53
36
21
4
73
2
39
78
86
2
44
45
15
90
2
51
38
76
54
51
71
83
3
51
54
44
98
90
72
81
65
97
97
75
62
43
93
72
24
3
92
18
98
33
36
70
61
72
75
21
29
89
22
4
9
67
93
80
8
13
22
10
30
10
50
45
67
29
37
62
70
74
93
1
26
80
15
89
72
17
10
81
77
53
28
1
31
37
49
5
26
30
18
8
61
89
54
67
43
68
0
21
26
6
89
37
89
97
87
8
3
91
67
85
67
60
23
12
61
49
38
9
32
94
28
72
2
2
91
73
66
92
96
68
97
99
29
40
35
36
83
38
17
30
58
38
92
43
42
23
4
13
8
47
96
8
74
67
25
84
25
0
23
81
69
64
82
55
66
8
14
0
74
57
89
89
93
48
22
97
54
70
4
77
23
4
24
77
57
31
34
41
17
5
60
9
27
92
61
71
20
34
43
4
31
48
42
47
5
50
50
20
38
46
85
40
51
78
18
91
90
70
26
67
79
13
86
21
73
15
31
59
81
1
8
53
52
65
81
40
81
61
40
18
19
64
71
50
52
75
25
28
96
11
49
25
97
71
38
1
49
27
95
49
44
54
39
45
69
29
39
64
17
99
88
92
73
31
99
92
89
32
96
84
3
14
72
83
57
29
3
51
78
96
72
95
87
8
12
23
85
51
54
48
85
10
32
95
46
32
2
75
16
66
11
25
46
70
67
25
65
70
13
83
88
76
95
19
36
82
9
1
24
16
94
14
14
40
35
77
13
0
16
53
77
11
73
37
84
49
33
38
90
64
74
58
75
64
41
58
53
53
93
29
37
57
82
84
4
71
20
39
93
70
47
6
95
29
53
55
44
59
5
98
49
64
62
60
46
98
68
55
34
55
9
75
53
48
52
85
20
29
5
31
85
50
89
64
47
1
12
42
2
63
28
28
15
93
40
97
93
68
31
0
33
0
6
29
98
64
51
36
72
23
30
54
21
89
89
68
71
52
11
96
28
76
78
36
84
42
24
2
95
74
74
61
63
22
72
77
68
46
20
53
64
46
8
54
78
11
65
34
73
45
28
52
79
70
75
4
32
19
64
3
16
47
55
3
37
50
2
44
81
50
16
79
43
89
80
14
38
45
93
70
62
2
67
51
84
51
36
70
93
68
71
22
25
71
31
99
54
26
34
78
35
27
51
95
9
4
61
60
96
91
16
36
11
94
37
33
16
76
8
33
6
87
30
95
44
56
57
83
85
31
22
82
23
57
37
52
13
61
23
48
82
39
50
91
98
26
63
14
51
39
20
88
40
10
94
40
80
85
31
96
58
13
39
93
12
83
40
56
77
37
41
48
50
21
48
11
79
24
21
6
37
44
79
4
47
42
17
12
1
43
97
28
33
70
11
2
2
54
44
93
54
35
94
71
29
73
65
61
80
47
79
32
14
80
80
59
69
15
14
81
11
29
88
42
57
35
57
64
46
51
9
62
96
43
29
24
98
88
73
8
36
22
32
33
0
0
29
55
72
85
94
33
37
63
35
11
75
87
6
81
76
2
30
87
79
84
26
33
35
1
28
19
81
76
91
34
84
81
3
52
13
55
53
53
3
31
32
59
10
2
47
4
79
19
19
63
41
54
47
2
78
28
9
25
